function x=ics()
x=[1.7677865e-07   6.8430521e-07   3.1475507e-10   1.7286244e-07   3.0173805e-09   8.4163589e-06   3.3606872e-06   1.5911612e-07   1.4197340e-10   9.9749532e-13   9.4234007e-13   7.7212590e-10   7.4572915e-15   1.7941588e-09   5.5998542e-08   6.7402026e-07   3.1072001e-09   5.3069689e-15   4.5673510e-08   4.3659988e-08   6.5250927e-10   5.6398388e-11   5.5978267e-11   2.9015292e-06];
